accuracy = 0.99648
eval_loss = 0.01055926640164012
eval_metric = 0.9953732281471541
eval_samples = 3125
f1score = 0.9949931725079655
precision = 0.9909338168631007
recall = 0.9990859232175503
